3
Дмитрий Фисько
1
128
0.0040339 -0.0347749 -0.0538606 -0.0578191 0.0699271 0.101083 0.0338184 -0.0494944 -0.020451 0.0184663 -0.0462994 0.020883 -0.0689296 -0.015673 -0.0719542 0.0431425 -0.0276404 0.0150675 -0.0573556 0.038089 -0.0552347 -0.0283405 0.0804758 0.0436115 0.0388292 0.0432956 -0.0771732 0.0369405 -0.00783982 0.0432754 0.0501452 0.0806425 0.0548511 0.0151544 -0.109583 -0.00575562 -0.0938253 0.0393443 0.113464 -0.0438346 0.0122501 0.0811616 -0.0702402 -0.00716909 0.0645056 -0.0438409 0.0744067 -0.015227 0.0695962 -0.0554004 0.0440917 -0.075704 -0.0201872 -0.052833 -0.0372402 0.0733262 -0.0893697 0.01169 -0.097928 0.050716 -0.0411916 0.078947 0.0869002 0.0816216 -0.0624161 0.0538181 0.115986 0.0917794 -0.0293221 0.0972749 0.00261158 -0.0457277 -0.00820627 -0.0966528 0.0611015 0.0281841 0.125491 -0.0590153 0.12667 0.0378521 0.0685189 0.0131855 0.0496748 -0.0288378 -0.0152602 0.0702602 0.0794463 -0.0981806 0.0123427 -0.0860911 -0.0946164 0.0745308 0.0468307 0.040759 -0.0830996 0.1056 -0.050935 0.0659384 -0.0907692 0.0850265 -0.0150453 -0.091885 -0.00459381 0.0109088 -0.0918685 0.0319849 0.0982114 0.089436 0.0700842 -0.0104355 -0.0839587 -0.0210763 0.0060986 0.0891995 0.00660336 -0.0829636 -0.0729667 0.0901669 0.0643612 0.027572 -0.0615733 -0.000141565 0.0995149 -0.00888678 -0.00633628 0.0565593 0.0991384 -0.0531809 
Дина Стрельчук
2
128
0.00391733 -0.0346502 -0.0539208 -0.0578351 0.0698989 0.101201 0.0337983 -0.0495045 -0.0204843 0.0183635 -0.0464297 0.0209115 -0.0689799 -0.0156549 -0.0718479 0.043165 -0.027297 0.0150569 -0.0575032 0.0378303 -0.0551045 -0.0283875 0.0806497 0.0429676 0.0381316 0.0431315 -0.0771175 0.036684 -0.00774279 0.0433301 0.0500318 0.0806821 0.0548738 0.015192 -0.109559 -0.00573301 -0.0939665 0.0394289 0.113485 -0.0438869 0.0122196 0.0811302 -0.0702716 -0.00722849 0.0644059 -0.0438272 0.0743472 -0.0152929 0.0696511 -0.0555035 0.0439404 -0.0756357 -0.02015 -0.0527849 -0.0371681 0.0732401 -0.0894384 0.0117329 -0.0979766 0.0507392 -0.0412905 0.0786018 0.0867238 0.0815962 -0.0622264 0.0539208 0.116003 0.0916237 -0.0291126 0.0971401 0.00268606 -0.0455406 -0.00801663 -0.0963653 0.061071 0.0279558 0.125966 -0.0598157 0.12657 0.038154 0.0684436 0.0132148 0.0496791 -0.028859 -0.0152034 0.0703519 0.0794545 -0.0982305 0.0123873 -0.0858748 -0.0946592 0.0746525 0.0471148 0.0406805 -0.0830991 0.105578 -0.0509655 0.0657308 -0.0905733 0.0849849 -0.0148472 -0.0920633 -0.00427931 0.0110643 -0.0918091 0.0320003 0.0982718 0.0896424 0.0701469 -0.0107063 -0.0842616 -0.0210328 0.00615448 0.0893874 0.00663634 -0.0831591 -0.0728995 0.090064 0.0642468 0.0275701 -0.0617077 -0.000159736 0.0994431 -0.00884601 -0.00610589 0.0560907 0.0992539 -0.0532768 
Александр Куриленко
3
128
0.00399574 -0.0346433 -0.053857 -0.05786 0.0698153 0.101029 0.0338494 -0.0494431 -0.0203873 0.0184907 -0.0463108 0.0208459 -0.0688658 -0.0155899 -0.0718519 0.043185 -0.027657 0.0151375 -0.057514 0.0380435 -0.0547079 -0.0282607 0.0803871 0.0429222 0.0382673 0.043099 -0.0773962 0.0366259 -0.00797816 0.0433967 0.0498045 0.080709 0.0548356 0.0151757 -0.109596 -0.00578238 -0.0938762 0.0391588 0.113635 -0.0439351 0.0122468 0.0810023 -0.0703556 -0.0070831 0.0646273 -0.0437981 0.0743757 -0.0152065 0.0695387 -0.0554047 0.0439701 -0.0755842 -0.0203451 -0.0527471 -0.0371262 0.0731133 -0.0893808 0.011623 -0.0980133 0.0506672 -0.0412757 0.0786577 0.086867 0.0817721 -0.06228 0.0537754 0.11623 0.0918842 -0.0291507 0.0973684 0.00257773 -0.046064 -0.00790872 -0.096659 0.0609525 0.0280564 0.125396 -0.0594059 0.126105 0.0378842 0.0684192 0.0131681 0.0496943 -0.0288777 -0.015244 0.0701608 0.0795008 -0.0981758 0.0123803 -0.0859955 -0.0945669 0.0745718 0.0469076 0.0407241 -0.0831836 0.105596 -0.051121 0.0661205 -0.0907014 0.0850044 -0.0151666 -0.0918258 -0.0045134 0.0109001 -0.091935 0.0321508 0.0983438 0.0896638 0.0701532 -0.0103693 -0.0839575 -0.0210971 0.00611151 0.0891616 0.00678083 -0.0830236 -0.0729861 0.0904505 0.0642591 0.0276504 -0.0617269 -0.000183231 0.0993701 -0.00888553 -0.00639178 0.0564129 0.0989911 -0.0530851 
